17291729   0   0
  0.3338065E+00  0.8325876E-09  0.8325876E-09  0.8325876E-09  0.5000000E-15
  1.000000000000000E-004
  CAR 
 unknown system                          
     76.92384250    -35.60844709  301     51.10028306      1.00000000
    -35.608  0.0000E+00  0.0000E+00
    -35.233  0.0000E+00  0.0000E+00
    -34.858  0.0000E+00  0.0000E+00
    -34.483  0.0000E+00  0.0000E+00
    -34.108  0.0000E+00  0.0000E+00
    -33.733  0.1579E-02  0.5922E-03
    -33.358  0.7183E-03  0.8617E-03
    -32.983  0.1045E-02  0.1254E-02
    -32.608  0.2845E-02  0.2321E-02
    -32.232  0.4239E-02  0.3911E-02
    -31.857  0.6096E-02  0.6197E-02
    -31.482  0.9142E-02  0.9627E-02
    -31.107  0.1463E-01  0.1511E-01
    -30.732  0.1951E-01  0.2243E-01
    -30.357  0.2854E-01  0.3314E-01
    -29.982  0.4116E-01  0.4858E-01
    -29.607  0.6296E-01  0.7220E-01
    -29.232  0.8907E-01  0.1056E+00
    -28.857  0.1267E+00  0.1531E+00
    -28.481  0.1819E+00  0.2214E+00
    -28.106  0.2617E+00  0.3195E+00
    -27.731  0.3656E+00  0.4567E+00
    -27.356  0.5110E+00  0.6484E+00
    -26.981  0.7012E+00  0.9114E+00
    -26.606  0.9421E+00  0.1265E+01
    -26.231  0.1246E+01  0.1732E+01
    -25.856  0.1608E+01  0.2335E+01
    -25.481  0.2029E+01  0.3096E+01
    -25.105  0.2514E+01  0.4039E+01
    -24.730  0.3053E+01  0.5185E+01
    -24.355  0.3636E+01  0.6549E+01
    -23.980  0.4244E+01  0.8141E+01
    -23.605  0.4860E+01  0.9963E+01
    -23.230  0.5453E+01  0.1201E+02
    -22.855  0.6017E+01  0.1427E+02
    -22.480  0.6546E+01  0.1672E+02
    -22.105  0.7033E+01  0.1936E+02
    -21.729  0.7465E+01  0.2216E+02
    -21.354  0.7829E+01  0.2510E+02
    -20.979  0.8117E+01  0.2814E+02
    -20.604  0.8313E+01  0.3126E+02
    -20.229  0.8435E+01  0.3442E+02
    -19.854  0.8496E+01  0.3761E+02
    -19.479  0.8520E+01  0.4081E+02
    -19.104  0.8531E+01  0.4401E+02
    -18.729  0.8559E+01  0.4722E+02
    -18.353  0.8625E+01  0.5045E+02
    -17.978  0.8769E+01  0.5374E+02
    -17.603  0.9021E+01  0.5713E+02
    -17.228  0.9398E+01  0.6065E+02
    -16.853  0.9924E+01  0.6438E+02
    -16.478  0.1058E+02  0.6834E+02
    -16.103  0.1135E+02  0.7260E+02
    -15.728  0.1219E+02  0.7718E+02
    -15.353  0.1304E+02  0.8207E+02
    -14.978  0.1386E+02  0.8727E+02
    -14.602  0.1457E+02  0.9274E+02
    -14.227  0.1516E+02  0.9842E+02
    -13.852  0.1559E+02  0.1043E+03
    -13.477  0.1586E+02  0.1102E+03
    -13.102  0.1596E+02  0.1162E+03
    -12.727  0.1589E+02  0.1222E+03
    -12.352  0.1565E+02  0.1280E+03
    -11.977  0.1521E+02  0.1338E+03
    -11.602  0.1459E+02  0.1392E+03
    -11.226  0.1383E+02  0.1444E+03
    -10.851  0.1300E+02  0.1493E+03
    -10.476  0.1221E+02  0.1539E+03
    -10.101  0.1157E+02  0.1582E+03
     -9.726  0.1119E+02  0.1624E+03
     -9.351  0.1112E+02  0.1666E+03
     -8.976  0.1140E+02  0.1709E+03
     -8.601  0.1196E+02  0.1754E+03
     -8.226  0.1276E+02  0.1801E+03
     -7.850  0.1370E+02  0.1853E+03
     -7.475  0.1473E+02  0.1908E+03
     -7.100  0.1577E+02  0.1967E+03
     -6.725  0.1678E+02  0.2030E+03
     -6.350  0.1770E+02  0.2097E+03
     -5.975  0.1849E+02  0.2166E+03
     -5.600  0.1914E+02  0.2238E+03
     -5.225  0.1966E+02  0.2312E+03
     -4.850  0.2005E+02  0.2387E+03
     -4.475  0.2034E+02  0.2463E+03
     -4.099  0.2055E+02  0.2540E+03
     -3.724  0.2068E+02  0.2618E+03
     -3.349  0.2072E+02  0.2696E+03
     -2.974  0.2067E+02  0.2773E+03
     -2.599  0.2053E+02  0.2850E+03
     -2.224  0.2029E+02  0.2926E+03
     -1.849  0.1997E+02  0.3001E+03
     -1.474  0.1960E+02  0.3075E+03
     -1.099  0.1919E+02  0.3147E+03
     -0.723  0.1876E+02  0.3217E+03
     -0.348  0.1835E+02  0.3286E+03
      0.027  0.1801E+02  0.3354E+03
      0.402  0.1780E+02  0.3420E+03
      0.777  0.1777E+02  0.3487E+03
      1.152  0.1794E+02  0.3554E+03
      1.527  0.1832E+02  0.3623E+03
      1.902  0.1887E+02  0.3694E+03
      2.277  0.1955E+02  0.3767E+03
      2.653  0.2030E+02  0.3843E+03
      3.028  0.2106E+02  0.3922E+03
      3.403  0.2179E+02  0.4004E+03
      3.778  0.2244E+02  0.4088E+03
      4.153  0.2296E+02  0.4174E+03
      4.528  0.2332E+02  0.4262E+03
      4.903  0.2348E+02  0.4350E+03
      5.278  0.2339E+02  0.4438E+03
      5.653  0.2301E+02  0.4524E+03
      6.029  0.2234E+02  0.4608E+03
      6.404  0.2139E+02  0.4688E+03
      6.779  0.2024E+02  0.4764E+03
      7.154  0.1900E+02  0.4836E+03
      7.529  0.1785E+02  0.4903E+03
      7.904  0.1695E+02  0.4966E+03
      8.279  0.1648E+02  0.5028E+03
      8.654  0.1652E+02  0.5090E+03
      9.029  0.1708E+02  0.5154E+03
      9.404  0.1809E+02  0.5222E+03
      9.780  0.1942E+02  0.5295E+03
     10.155  0.2093E+02  0.5373E+03
     10.530  0.2249E+02  0.5458E+03
     10.905  0.2398E+02  0.5548E+03
     11.280  0.2532E+02  0.5643E+03
     11.655  0.2643E+02  0.5742E+03
     12.030  0.2727E+02  0.5844E+03
     12.405  0.2784E+02  0.5949E+03
     12.780  0.2817E+02  0.6054E+03
     13.156  0.2831E+02  0.6161E+03
     13.531  0.2829E+02  0.6267E+03
     13.906  0.2819E+02  0.6373E+03
     14.281  0.2801E+02  0.6478E+03
     14.656  0.2779E+02  0.6582E+03
     15.031  0.2753E+02  0.6685E+03
     15.406  0.2727E+02  0.6788E+03
     15.781  0.2701E+02  0.6889E+03
     16.156  0.2679E+02  0.6989E+03
     16.532  0.2662E+02  0.7089E+03
     16.907  0.2652E+02  0.7189E+03
     17.282  0.2650E+02  0.7288E+03
     17.657  0.2658E+02  0.7388E+03
     18.032  0.2673E+02  0.7488E+03
     18.407  0.2696E+02  0.7589E+03
     18.782  0.2723E+02  0.7692E+03
     19.157  0.2753E+02  0.7795E+03
     19.532  0.2781E+02  0.7899E+03
     19.907  0.2805E+02  0.8004E+03
     20.283  0.2819E+02  0.8110E+03
     20.658  0.2818E+02  0.8216E+03
     21.033  0.2800E+02  0.8321E+03
     21.408  0.2761E+02  0.8425E+03
     21.783  0.2699E+02  0.8526E+03
     22.158  0.2616E+02  0.8624E+03
     22.533  0.2515E+02  0.8719E+03
     22.908  0.2400E+02  0.8809E+03
     23.283  0.2277E+02  0.8894E+03
     23.659  0.2154E+02  0.8975E+03
     24.034  0.2040E+02  0.9051E+03
     24.409  0.1949E+02  0.9125E+03
     24.784  0.1893E+02  0.9196E+03
     25.159  0.1882E+02  0.9266E+03
     25.534  0.1918E+02  0.9338E+03
     25.909  0.1996E+02  0.9413E+03
     26.284  0.2106E+02  0.9492E+03
     26.659  0.2233E+02  0.9576E+03
     27.035  0.2369E+02  0.9665E+03
     27.410  0.2506E+02  0.9759E+03
     27.785  0.2642E+02  0.9858E+03
     28.160  0.2774E+02  0.9962E+03
     28.535  0.2901E+02  0.1007E+04
     28.910  0.3022E+02  0.1018E+04
     29.285  0.3135E+02  0.1030E+04
     29.660  0.3239E+02  0.1042E+04
     30.035  0.3331E+02  0.1055E+04
     30.410  0.3409E+02  0.1068E+04
     30.786  0.3472E+02  0.1081E+04
     31.161  0.3515E+02  0.1094E+04
     31.536  0.3539E+02  0.1107E+04
     31.911  0.3540E+02  0.1120E+04
     32.286  0.3522E+02  0.1134E+04
     32.661  0.3484E+02  0.1147E+04
     33.036  0.3429E+02  0.1160E+04
     33.411  0.3363E+02  0.1172E+04
     33.786  0.3289E+02  0.1185E+04
     34.162  0.3214E+02  0.1197E+04
     34.537  0.3146E+02  0.1208E+04
     34.912  0.3092E+02  0.1220E+04
     35.287  0.3059E+02  0.1231E+04
     35.662  0.3051E+02  0.1243E+04
     36.037  0.3071E+02  0.1254E+04
     36.412  0.3114E+02  0.1266E+04
     36.787  0.3175E+02  0.1278E+04
     37.162  0.3245E+02  0.1290E+04
     37.538  0.3315E+02  0.1303E+04
     37.913  0.3377E+02  0.1315E+04
     38.288  0.3423E+02  0.1328E+04
     38.663  0.3447E+02  0.1341E+04
     39.038  0.3449E+02  0.1354E+04
     39.413  0.3428E+02  0.1367E+04
     39.788  0.3384E+02  0.1380E+04
     40.163  0.3320E+02  0.1392E+04
     40.538  0.3235E+02  0.1404E+04
     40.914  0.3130E+02  0.1416E+04
     41.289  0.3009E+02  0.1427E+04
     41.664  0.2875E+02  0.1438E+04
     42.039  0.2735E+02  0.1448E+04
     42.414  0.2601E+02  0.1458E+04
     42.789  0.2487E+02  0.1467E+04
     43.164  0.2405E+02  0.1476E+04
     43.539  0.2368E+02  0.1485E+04
     43.914  0.2380E+02  0.1494E+04
     44.289  0.2438E+02  0.1503E+04
     44.665  0.2533E+02  0.1513E+04
     45.040  0.2655E+02  0.1523E+04
     45.415  0.2790E+02  0.1533E+04
     45.790  0.2926E+02  0.1544E+04
     46.165  0.3055E+02  0.1556E+04
     46.540  0.3171E+02  0.1568E+04
     46.915  0.3271E+02  0.1580E+04
     47.290  0.3355E+02  0.1593E+04
     47.665  0.3424E+02  0.1605E+04
     48.041  0.3481E+02  0.1618E+04
     48.416  0.3528E+02  0.1632E+04
     48.791  0.3567E+02  0.1645E+04
     49.166  0.3600E+02  0.1659E+04
     49.541  0.3625E+02  0.1672E+04
     49.916  0.3641E+02  0.1686E+04
     50.291  0.3648E+02  0.1700E+04
     50.666  0.3645E+02  0.1713E+04
     51.041  0.3635E+02  0.1727E+04
     51.417  0.3616E+02  0.1740E+04
     51.792  0.3589E+02  0.1754E+04
     52.167  0.3554E+02  0.1767E+04
     52.542  0.3512E+02  0.1780E+04
     52.917  0.3468E+02  0.1793E+04
     53.292  0.3425E+02  0.1806E+04
     53.667  0.3389E+02  0.1819E+04
     54.042  0.3362E+02  0.1832E+04
     54.417  0.3348E+02  0.1844E+04
     54.792  0.3345E+02  0.1857E+04
     55.168  0.3353E+02  0.1869E+04
     55.543  0.3371E+02  0.1882E+04
     55.918  0.3394E+02  0.1895E+04
     56.293  0.3420E+02  0.1908E+04
     56.668  0.3445E+02  0.1920E+04
     57.043  0.3464E+02  0.1933E+04
     57.418  0.3473E+02  0.1946E+04
     57.793  0.3470E+02  0.1960E+04
     58.168  0.3451E+02  0.1972E+04
     58.544  0.3419E+02  0.1985E+04
     58.919  0.3376E+02  0.1998E+04
     59.294  0.3331E+02  0.2010E+04
     59.669  0.3295E+02  0.2023E+04
     60.044  0.3277E+02  0.2035E+04
     60.419  0.3285E+02  0.2047E+04
     60.794  0.3325E+02  0.2060E+04
     61.169  0.3394E+02  0.2073E+04
     61.544  0.3485E+02  0.2086E+04
     61.920  0.3589E+02  0.2099E+04
     62.295  0.3695E+02  0.2113E+04
     62.670  0.3793E+02  0.2127E+04
     63.045  0.3876E+02  0.2142E+04
     63.420  0.3937E+02  0.2157E+04
     63.795  0.3968E+02  0.2172E+04
     64.170  0.3963E+02  0.2186E+04
     64.545  0.3913E+02  0.2201E+04
     64.920  0.3812E+02  0.2215E+04
     65.296  0.3651E+02  0.2229E+04
     65.671  0.3427E+02  0.2242E+04
     66.046  0.3137E+02  0.2254E+04
     66.421  0.2790E+02  0.2264E+04
     66.796  0.2403E+02  0.2273E+04
     67.171  0.1999E+02  0.2281E+04
     67.546  0.1607E+02  0.2287E+04
     67.921  0.1250E+02  0.2291E+04
     68.296  0.9455E+01  0.2295E+04
     68.671  0.6980E+01  0.2298E+04
     69.047  0.5053E+01  0.2300E+04
     69.422  0.3603E+01  0.2301E+04
     69.797  0.2540E+01  0.2302E+04
     70.172  0.1775E+01  0.2302E+04
     70.547  0.1231E+01  0.2303E+04
     70.922  0.8481E+00  0.2303E+04
     71.297  0.5811E+00  0.2304E+04
     71.672  0.3972E+00  0.2304E+04
     72.047  0.2672E+00  0.2304E+04
     72.423  0.1779E+00  0.2304E+04
     72.798  0.1168E+00  0.2304E+04
     73.173  0.7498E-01  0.2304E+04
     73.548  0.4538E-01  0.2304E+04
     73.923  0.2642E-01  0.2304E+04
     74.298  0.1211E-01  0.2304E+04
     74.673  0.3711E-02  0.2304E+04
     75.048  0.0000E+00  0.2304E+04
     75.423  0.0000E+00  0.2304E+04
     75.799  0.0000E+00  0.2304E+04
     76.174  0.0000E+00  0.2304E+04
     76.549  0.0000E+00  0.2304E+04
     76.924  0.0000E+00  0.2304E+04
